22 2 2 9 11
33 5 0
16 3 2 6 10
835 125 1 113
47 5 0
719 30 3 542 662 708
767 209 1 582
210 28 3 66 160 188
292 135 2 89 229
104 2 5 14 25 70 77 97
368 80 2 22 282
33 5 0
29 8 1 19
99 37 2 7 60
47 5 0
835 125 1 113
370 98 2 264 363
699 36 3 42 280 670
285 30 2 243 274
681 142 3 97 383 635
968 16 5 261 602 851 934 960
279 23 1 266
760 292 2 396 737
16 3 2 6 10
339 98 1 302
843 278 1 694
22 2 2 9 11
635 26 2 562 616
633 225 2 269 609
432 131 2 90 344
515 158 2 304 501
595 186 1 543
586 118 2 451 577
439 31 1 424
193 1 4 153 183 185 187