9 8 9 7 10 6 12 17 24 38
18 756 -414 976 -432 814 230 354 -959 -638 -653 -152 840 975 368 751 48 89 -626
91 13 -217 -427 273 -617 1000 929 -493 619 -330 897 -953 407 992 -559 693 778 992 -406 -488 -840 193 275 -423 -450 936 926 365 318 -823 416 -82 -883 501 144 286 -360 232 -715 0 241 -937 274 -649 937 114 439 202 520 -733 -950 248 -743 -552 82 593 347 845 -377 498 -537 513 982 -790 -588 -258 -320 624 -97 390 -460 111 -629 -460 540 589 -193 571 706 184 -975 -906 -980 -962 -309 740 -368 236 -371 163 -996
102 919 -395 815 862 -882 823 -362 95 -385 819 14 124 -363 -206 -390 -595 136 267 498 -706 542 -552 389 -764 -303 -394 245 -543 668 -498 910 -765 127 904 -597 -508 23 -452 -416 -870 -942 -439 -856 -449 -109 -913 -766 -513 -573 -153 582 121 276 -763 653 607 -828 970 371 -41 12 -272 440 -701 -82 -562 -539 -685 740 -134 -52 323 52 -454 -618 89 -700 -279 -1 359 746 250 743 -127 708 569 575 373 -346 -638 496 238 -737 -487 -688 -223 636 -813 741 -327 -246 675
136 421 422 424 427 423 428 422 429 437 446 436 425 413 426 440 455 471 488 506 487 467 446 468 445 421 446 472 499 527 556 526 495 527 494 528 563 527 490 528 567 607 648 606 563 519 564 610 657 705 656 706 757 809 862 808 753 809 866 808 867 927 866 928 865 929 864 930 863 795 726 656 727 655 582 656 581 505 582 504 425 345 426 508 591 675 760 674 587 499 410 320 411 503 410 504 599 695 598 696 597 497 396 498 395 291 186 292 185 77 -32 78 -33 -145 -258 -144 -259 -375 -258 -140 -21 99 220 342 465 341 216 342 469 597 468 598 467 599 466 332 197
12 -254 -243 255 748 -541 842 210 331 259 -259 -489 -624
66 -561 -879 541 -221 271 -670 62 -459 -250 -865 -437 194 991 382 -527 -715 402 465 947 -623 -234 -826 -89 874 379 -234 -788 -745 -944 -436 -220 63 913 -192 57 766 360 926 482 789 -847 121 686 982 693 -756 725 -888 -806 -175 689 212 381 -446 480 747 196 347 -793 -416 604 -763 433 -211 -898 -406
9 8 9 7 10 6 13 17 24 32
69 -585 -624 922 -963 -981 -78 195 850 -544 531 346 273 907 164 213 -136 -392 461 691 589 899 -41 73 -472 -367 537 -214 141 508 -298 -18 980 -369 930 129 616 -910 71 653 -753 430 140 87 270 971 -268 511 924 -865 643 405 588 -543 -206 562 781 287 55 9 -930 -38 885 503 -615 -558 -843 821 -180 -718
42 120 121 123 120 124 129 135 142 150 159 169 158 146 159 145 160 144 127 145 126 146 167 189 212 188 163 137 164 136 107 137 106 74 41 7 42 78 41 3 -36 -76 -117
83 -388 -387 -385 -388 -384 -379 -373 -366 -374 -383 -393 -404 -416 -429 -415 -400 -384 -367 -349 -368 -348 -327 -305 -282 -306 -331 -305 -332 -304 -333 -363 -394 -362 -395 -429 -464 -428 -391 -353 -392 -432 -473 -515 -472 -516 -561 -515 -468 -420 -371 -421 -472 -420 -367 -313 -258 -314 -257 -315 -374 -314 -375 -437 -374 -438 -503 -437 -504 -572 -503 -433 -362 -290 -363 -437 -362 -438 -361 -439 -518 -438 -357 -439
65 -830 483 -67 944 858 -329 -376 819 -166 263 -773 933 107 -513 683 -392 900 889 302 216 920 879 -984 -704 -157 196 901 -983 -275 -479 305 -396 -354 862 129 700 -924 877 -868 385 -334 -327 743 -728 -466 770 96 978 -7 -789 -299 647 -110 860 -182 -118 -182 693 53 104 -741 131 829 652 -474
37 622 43 943 -800 -386 631 -586 -592 -962 -680 869 252 -454 -625 225 -786 362 -670 809 -298 184 649 331 122 614 225 418 590 -548 68 991 -336 -189 -491 -449 -735 332
34 73 -808 -302 -830 422 136 412 -119 -839 -681 -700 385 -351 -797 461 -320 -131 720 -387 181 314 701 100 17 600 -432 -427 491 -778 63 181 -954 60 -263
11 344 343 345 348 344 339 345 352 360 351 361
148 -965 198 -111 636 -135 -676 -766 702 -412 -109 397 -645 807 -681 729 -828 978 -946 -677 -598 -417 -751 -363 715 -726 -798 787 -908 579 649 205 510 403 908 -375 615 -58 136 699 -392 809 992 -643 194 847 455 893 -461 177 367 249 -455 -60 625 -412 306 388 -924 -250 -65 -322 -407 -95 -457 92 800 810 -95 646 630 -748 -967 82 810 73 -402 -358 508 769 -146 -59 -122 -678 1 -23 -568 -737 -752 794 -125 149 826 -283 -781 62 32 -406 -416 -814 701 -616 -179 288 -251 998 906 -758 981 -537 664 -374 718 -713 -612 2 -737 -832 203 -79 314 -911 216 -985 -154 -793 281 -467 606 -327 164 -328 -242 -647 559 -36 -882 176 -827 -708 949 -105 465 166 -895 568 -613 -450 -334
3 7 7 8
128 -268 -495 -785 -882 -791 813 -120 590 9 760 518 936 -839 221 -254 417 485 96 -694 812 -395 364 -144 -111 898 -46 -813 -753 -683 768 197 -119 -272 21 79 416 -126 637 -484 -179 838 -101 933 -213 554 767 -263 325 -262 -452 59 -392 -690 -523 -957 -835 -695 -747 515 48 -489 446 -450 -918 -707 40 -574 -892 -425 365 388 895 -78 500 -376 735 877 -808 -213 248 636 -363 -939 -599 933 -443 -517 929 -350 -242 -61 -670 354 431 -554 478 19 488 -489 -541 -636 837 528 -45 451 -112 -7 -681 -788 247 -693 -729 277 -499 616 -843 -852 -954 -418 -52 -713 742 -898 -140 455 -270 108 165
78 -230 -229 -231 -228 -224 -219 -225 -218 -226 -217 -227 -238 -226 -213 -227 -242 -258 -241 -259 -278 -298 -277 -255 -278 -302 -277 -251 -224 -252 -281 -251 -220 -188 -155 -189 -224 -260 -223 -185 -146 -106 -147 -189 -146 -102 -147 -101 -54 -6 -55 -105 -156 -104 -51 3 58 2 59 117 58 118 179 117 180 116 181 247 180 248 179 249 178 250 323 397 472 396 319
32 973 -131 -160 -139 824 3 -216 943 -815 220 483 -539 396 73 -563 -592 352 -649 465 378 511 -906 101 -86 -100 -452 -251 -108 424 -675 52 209
13 58 304 -941 -694 476 -657 808 -579 -192 18 630 702 -222
49 458 459 461 458 462 467 461 454 446 455 465 454 466 453 467 482 466 449 431 412 392 413 391 368 392 417 391 364 392 421 451 482 450 417 383 348 312 275 313 274 314 273 315 358 402 447 493 540 492
6 477 478 476 473 469 474
53 2 1 3 0 -4 -9 -15 -22 -14 -23 -33 -44 -32 -19 -33 -48 -64 -47 -65 -46 -26 -47 -25 -2 22 47 21 -6 22 -7 23 54 86 119 153 118 154 191 153 192 152 193 235 278 234 279 325 278 326 277 227 176 124
13 144 143 145 142 146 151 145 152 144 135 145 134 146
148 196 173 289 -797 387 -301 -440 120 -458 748 -960 -681 -530 -859 -527 -407 469 -838 -65 -34 718 431 -204 -586 -958 -702 -700 -895 -565 71 -281 883 312 963 -287 513 426 -953 -584 -329 -358 193 453 -734 -548 -424 -388 907 442 903 -556 176 168 77 -277 526 474 -924 795 857 -44 709 -626 43 730 -643 -748 310 592 473 761 733 -935 -188 996 -885 14 56 -359 -90 809 446 -213 -164 595 -428 607 552 -550 134 -106 681 -747 -386 -368 -625 633 -170 -954 -642 -536 -577 -524 -207 51 -483 540 -384 -399 929 210 -379 892 -306 -181 -139 -592 615 -642 -496 839 330 93 782 8 -973 847 982 260 -739 37 -504 -238 -548 -498 665 -810 -991 -498 -171 581 -713 -3 407 608 -623 -737 -126
6 -166 -167 -165 -162 -166 -161
35 -191 -192 -190 -193 -197 -202 -208 -201 -209 -218 -208 -197 -185 -172 -186 -171 -187 -204 -222 -241 -221 -242 -264 -287 -311 -286 -312 -339 -367 -338 -308 -339 -371 -338 -304
38 526 733 -144 -522 -552 -602 30 266 -110 86 -117 361 -2 591 -539 60 -82 270 -693 -471 927 -806 858 -239 -965 100 -602 536 -786 -66 702 269 -58 -673 -912 773 -755 524
122 -373 172 -721 427 -653 862 687 358 66 -668 -568 857 -34 571 16 749 -454 -101 630 300 116 147 501 -175 783 -553 508 -28 467 751 368 -62 502 -85 588 724 -557 81 94 231 159 271 18 -490 651 723 -289 -417 918 846 21 -293 455 330 137 272 -502 738 180 370 341 -46 -922 -127 439 452 -877 502 275 -288 723 810 164 -455 331 598 701 376 285 -904 639 -812 -927 -117 -870 623 204 -144 -85 971 964 83 -461 -606 972 -332 537 482 -208 -866 -609 29 594 695 373 -568 -902 -558 259 -486 -980 -108 -239 -754 693 982 -83 815 30 -469 -128 -592
10 -31 -32 -34 -31 -35 -30 -36 -43 -51 -42
96 -67 -155 -558 420 -295 944 688 609 209 653 -533 902 820 -493 -945 -163 323 664 -239 -780 230 -868 -294 424 109 -376 678 309 131 273 -461 -788 376 -367 39 -609 -182 -513 -452 -295 -204 363 321 764 -818 573 -653 -609 40 278 447 34 992 1000 299 159 -98 474 240 862 48 513 235 212 -271 603 413 -813 -20 297 179 -206 874 -670 -587 -135 -987 -590 254 909 -555 561 16 931 152 -703 -937 -756 581 -946 179 -434 -510 699 403 -199
138 145 144 146 143 147 142 148 141 133 142 132 121 133 146 132 147 163 180 198 217 197 176 154 177 153 178 204 177 205 176 146 115 147 114 148 113 77 114 152 191 231 190 148 105 149 194 148 195 147 196 146 95 147 94 148 203 147 90 148 89 29 -32 30 -33 31 -34 32 -35 -103 -34 -104 -33 39 112 186 111 35 -42 36 115 35 116 198 281 365 450 536 449 537 448 358 449 357 264 170 75 -21 -118 -216 -117 -217 -318 -420 -317 -213 -318 -424 -531 -423 -314 -204 -93 -205 -318 -204 -319 -203 -86 32 151 31 -90 -212 -335 -211 -86 -212 -339 -211 -340 -470 -601 -469 -602 -736 -871 -735 -872
58 -397 -396 -394 -391 -395 -400 -394 -387 -395 -404 -394 -405 -417 -430 -444 -429 -413 -396 -378 -359 -339 -360 -338 -361 -385 -360 -334 -307 -279 -308 -338 -369 -337 -304 -338 -373 -409 -372 -410 -449 -489 -530 -488 -445 -401 -446 -400 -447 -399 -448 -498 -447 -395 -448 -502 -447 -391 -448
94 448 -401 357 107 -545 213 -663 -150 44 -192 874 -905 112 -238 73 -65 861 -646 -339 359 194 154 -214 601 -28 -608 138 -381 29 -842 -249 487 474 -604 -626 411 856 -920 330 557 -546 -178 -325 -910 -140 928 -556 625 606 -259 225 -111 -622 454 -143 -871 99 -721 587 -881 -231 98 347 -14 465 -473 -353 986 -438 -590 473 456 -74 206 -538 423 265 41 750 -575 -492 -543 281 980 965 -995 -332 460 -36 -412 -553 -422 -452 -84
123 -565 -707 -505 978 -720 978 -790 732 567 -289 51 -388 166 -868 -940 971 -476 -194 597 46 -498 -58 -553 -621 -810 938 -661 -500 -505 -454 -109 -247 -287 667 368 -781 843 -198 -535 121 648 104 260 -75 991 544 276 -974 382 -39 447 -585 -862 -148 -412 964 -792 950 -178 -543 -478 -601 374 380 324 225 492 -969 248 -656 557 -568 139 900 59 27 929 -818 -343 -941 30 125 66 98 -757 727 -316 -269 569 902 -287 408 892 -610 -107 -603 -375 314 -774 -80 755 -317 408 980 -795 25 732 -288 844 -478 54 -57 -341 75 828 811 287 907 -814 992 -140 66 678
4 -202 -203 -205 -202
76 160 784 -138 -462 458 667 895 23 110 -195 -590 -75 64 -933 705 81 -767 913 6 -165 802 -763 -994 886 -48 936 -494 -954 -518 674 934 981 424 932 -379 28 264 -611 118 49 -153 500 -91 -569 908 -76 -362 -916 -288 -924 -120 817 187 31 -594 -908 537 548 -558 574 896 829 432 -828 -472 -453 -874 -682 -569 -252 94 -87 37 699 -623 -714
106 838 268 544 -10 224 201 257 801 522 -607 -528 -743 -114 662 -934 489 -915 155 773 -224 -129 193 -171 -831 -277 -257 48 -644 94 -179 907 -795 -435 -741 -232 355 -43 -214 370 692 -311 67 306 99 807 -787 -831 -318 150 -552 52 542 -862 904 -624 -17 445 -26 -890 32 -263 842 574 298 55 20 -224 611 -455 -458 -296 -119 -998 -626 223 -715 -552 546 -219 210 562 -310 -660 -237 -340 -449 119 -552 -225 -682 122 -965 478 -375 -512 740 121 -986 643 874 -124 957 374 -747 967 -940
17 472 473 471 474 470 475 469 462 454 463 473 462 474 461 447 432 448